
power = 1941.4987953061
throughput = 8086.81
composite = 3962.3896669647
